[gd_scene load_steps=7 format=3 uid="uid://cuwfi1kmekxs8"]

[ext_resource type="Script" uid="uid://bbyf7emrft17v" path="res://jungle/jungle.gd" id="1_4ldcj"]
[ext_resource type="PackedScene" uid="uid://ca4dkddej25x" path="res://monkey/Monkey.tscn" id="1_blw3f"]

[sub_resource type="StandardMaterial3D" id="StandardMaterial3D_4ldcj"]
shading_mode = 2
vertex_color_use_as_albedo = true
albedo_color = Color(0.61, 0.24400003, 0, 1)

[sub_resource type="ProceduralSkyMaterial" id="ProceduralSkyMaterial_blw3f"]
sky_top_color = Color(0.23000002, 0.5636667, 1, 1)
sky_horizon_color = Color(0.86, 0.18059999, 0.7127966, 1)
sky_curve = 0.42426416
ground_bottom_color = Color(0.1539, 0.81, 0.186705, 1)
ground_horizon_color = Color(0.86, 0.18059999, 0.7127966, 1)
ground_curve = 0.25992045

[sub_resource type="Sky" id="Sky_4ldcj"]
sky_material = SubResource("ProceduralSkyMaterial_blw3f")

[sub_resource type="Environment" id="Environment_blw3f"]
background_mode = 2
sky = SubResource("Sky_4ldcj")

[node name="Jungle" type="Node3D"]
script = ExtResource("1_4ldcj")

[node name="Monkey" parent="." instance=ExtResource("1_blw3f")]
transform = Transform3D(1, 0, 0, 0, 1, 0, 0, 0, 1, 0, 0.8160982, 0)

[node name="CSGCombiner3D" type="CSGCombiner3D" parent="."]
use_collision = true
collision_layer = 2
collision_mask = 0

[node name="CSGBox3D" type="CSGBox3D" parent="CSGCombiner3D"]
size = Vector3(36.121826, 1, 31.057617)

[node name="CSGBox3D2" type="CSGBox3D" parent="CSGCombiner3D"]
transform = Transform3D(1, 0, 0, 0, 1, 0, 0, 0, 1, 0.7087097, 1.8709509, 12.671831)
size = Vector3(4.5336304, 3.0020752, 3.7616272)

[node name="CSGBox3D3" type="CSGBox3D" parent="CSGCombiner3D"]
transform = Transform3D(0.5641891, 0, -0.8256456, 0, 1, 0, 0.8256456, 0, 0.5641891, 0.49495986, 0.8187845, 10.712857)
size = Vector3(3.1631927, 2.828186, 3.0097198)

[node name="CSGBox3D4" type="CSGBox3D" parent="CSGCombiner3D"]
transform = Transform3D(0.8847681, 0, -0.46603152, 0, 1, 0, 0.46603152, 0, 0.8847681, 2.3352957, 0.42373824, 11.682213)
size = Vector3(3.1631927, 2.0380936, 3.0097198)

[node name="CSGTree" type="CSGCombiner3D" parent="."]
transform = Transform3D(1, 0, 0, 0, 1, 0, 0, 0, 1, 4.288563, 4.1686745, 9.861706)
material_override = SubResource("StandardMaterial3D_4ldcj")
use_collision = true
collision_layer = 4
collision_mask = 0

[node name="CSGCylinder3D" type="CSGCylinder3D" parent="CSGTree"]
transform = Transform3D(1, 0, 0, 0, 1, 0, 0, 0, 1, 7.13229, 0.2911539, 0)
height = 11.219299
sides = 6

[node name="CSGCylinder3D2" type="CSGCylinder3D" parent="CSGTree"]
transform = Transform3D(-4.371139e-08, -1, 0, 1, -4.371139e-08, 0, 0, 0, 1, 5.001317, 0, 0)
radius = 0.3
height = 3.9604492

[node name="CSGCylinder3D3" type="CSGCylinder3D" parent="CSGTree"]
transform = Transform3D(-3.3683122e-08, -0.77058, 0.6373433, 1, -4.371139e-08, 0, 2.785916e-08, 0.6373433, 0.77058, 8.263203, 2.1120987, -0.996275)
radius = 0.3
height = 3.4440918

[node name="CSGCylinder3D4" type="CSGCylinder3D" parent="CSGTree"]
transform = Transform3D(-3.3683122e-08, -0.5962949, -0.8027655, 1, 2.2792968e-09, -4.3651923e-08, 2.785916e-08, -0.8027655, 0.5962949, 7.9519334, 4.3666773, 1.1911178)
radius = 0.25
height = 3.158081

[node name="CSGTree2" type="CSGCombiner3D" parent="."]
transform = Transform3D(0.4266635, 0, -0.9044105, 0, 1, 0, 0.9044105, 0, 0.4266635, -17.140999, 3.4973378, 2.5856524)
material_override = SubResource("StandardMaterial3D_4ldcj")
use_collision = true
collision_layer = 4
collision_mask = 0

[node name="CSGCylinder3D" type="CSGCylinder3D" parent="CSGTree2"]
transform = Transform3D(1, 0, 0, 0, 1, 0, 0, 0, 1, 7.13229, 0.2911539, 0)
height = 11.219299
sides = 6

[node name="CSGCylinder3D2" type="CSGCylinder3D" parent="CSGTree2"]
transform = Transform3D(-4.371139e-08, -1, 0, 1, -4.371139e-08, 0, 0, 0, 1, 5.001317, 0, 0)
radius = 0.3
height = 3.9604492

[node name="CSGCylinder3D3" type="CSGCylinder3D" parent="CSGTree2"]
transform = Transform3D(-3.3683122e-08, -0.77058, 0.6373433, 1, -4.371139e-08, 0, 2.785916e-08, 0.6373433, 0.77058, 8.263203, 2.1120987, -0.996275)
radius = 0.3
height = 3.4440918

[node name="CSGCylinder3D4" type="CSGCylinder3D" parent="CSGTree2"]
transform = Transform3D(-3.3683122e-08, -0.5962949, -0.8027655, 1, 2.2792968e-09, -4.3651923e-08, 2.785916e-08, -0.8027655, 0.5962949, 7.9519334, 4.3666773, 1.1911178)
radius = 0.25
height = 3.158081

[node name="CSGTree3" type="CSGCombiner3D" parent="."]
transform = Transform3D(0.9998745, 0, -0.015846878, 0, 1, 0, 0.015846878, 0, 0.9998745, -4.495986, 4.065227, 4.5196056)
material_override = SubResource("StandardMaterial3D_4ldcj")
use_collision = true
collision_layer = 4
collision_mask = 0

[node name="CSGCylinder3D" type="CSGCylinder3D" parent="CSGTree3"]
transform = Transform3D(1, 0, 0, 0, 1, 0, 0, 0, 1, 7.13229, 0.2911539, 0)
height = 11.219299
sides = 6

[node name="CSGCylinder3D2" type="CSGCylinder3D" parent="CSGTree3"]
transform = Transform3D(-4.371139e-08, -1, 0, 1, -4.371139e-08, 0, 0, 0, 1, 5.001317, 0, 0)
radius = 0.3
height = 3.9604492

[node name="CSGCylinder3D3" type="CSGCylinder3D" parent="CSGTree3"]
transform = Transform3D(-3.3683122e-08, -0.77058, 0.6373433, 1, -4.371139e-08, 0, 2.785916e-08, 0.6373433, 0.77058, 8.263203, 2.1120987, -0.996275)
radius = 0.3
height = 3.4440918

[node name="CSGCylinder3D4" type="CSGCylinder3D" parent="CSGTree3"]
transform = Transform3D(-3.3683122e-08, -0.5962949, -0.8027655, 1, 2.2792968e-09, -4.3651923e-08, 2.785916e-08, -0.8027655, 0.5962949, 7.9519334, 4.3666773, 1.1911178)
radius = 0.25
height = 3.158081

[node name="CSGTree4" type="CSGCombiner3D" parent="."]
transform = Transform3D(0.9998745, 0, -0.015846878, 0, 1, 0, 0.015846878, 0, 0.9998745, -5.557288, 5.807102, -3.2277935)
material_override = SubResource("StandardMaterial3D_4ldcj")
use_collision = true
collision_layer = 4
collision_mask = 0

[node name="CSGCylinder3D" type="CSGCylinder3D" parent="CSGTree4"]
transform = Transform3D(1, 0, 0, 0, 1, 0, 0, 0, 1, 7.13229, 0.2911539, 0)
height = 11.219299
sides = 6

[node name="CSGCylinder3D2" type="CSGCylinder3D" parent="CSGTree4"]
transform = Transform3D(-4.371139e-08, -1, 0, 1, -4.371139e-08, 0, 0, 0, 1, 5.001317, 0, 0)
radius = 0.3
height = 3.9604492

[node name="CSGCylinder3D3" type="CSGCylinder3D" parent="CSGTree4"]
transform = Transform3D(-3.3683122e-08, -0.77058, 0.6373433, 1, -4.371139e-08, 0, 2.785916e-08, 0.6373433, 0.77058, 8.263203, 2.1120987, -0.996275)
radius = 0.3
height = 3.4440918

[node name="CSGCylinder3D4" type="CSGCylinder3D" parent="CSGTree4"]
transform = Transform3D(-3.3683122e-08, -0.5962949, -0.8027655, 1, 2.2792968e-09, -4.3651923e-08, 2.785916e-08, -0.8027655, 0.5962949, 7.9519334, 4.3666773, 1.1911178)
radius = 0.25
height = 3.158081

[node name="CSGTree5" type="CSGCombiner3D" parent="."]
transform = Transform3D(0.9998745, 0, -0.015846878, 0, 1, 0, 0.015846878, 0, 0.9998745, -7.7838316, 5.6342754, -11.911331)
material_override = SubResource("StandardMaterial3D_4ldcj")
use_collision = true
collision_layer = 4
collision_mask = 0

[node name="CSGCylinder3D" type="CSGCylinder3D" parent="CSGTree5"]
transform = Transform3D(1, 0, 0, 0, 1, 0, 0, 0, 1, 7.13229, 0.2911539, 0)
height = 11.219299
sides = 6

[node name="CSGCylinder3D2" type="CSGCylinder3D" parent="CSGTree5"]
transform = Transform3D(-4.371139e-08, -1, 0, 1, -4.371139e-08, 0, 0, 0, 1, 5.001317, 0, 0)
radius = 0.3
height = 3.9604492

[node name="CSGCylinder3D3" type="CSGCylinder3D" parent="CSGTree5"]
transform = Transform3D(-3.3683122e-08, -0.77058, 0.6373433, 1, -4.371139e-08, 0, 2.785916e-08, 0.6373433, 0.77058, 8.263203, 2.1120987, -0.996275)
radius = 0.3
height = 3.4440918

[node name="CSGCylinder3D4" type="CSGCylinder3D" parent="CSGTree5"]
transform = Transform3D(-3.3683122e-08, -0.5962949, -0.8027655, 1, 2.2792968e-09, -4.3651923e-08, 2.785916e-08, -0.8027655, 0.5962949, 7.9519334, 4.3666773, 1.1911178)
radius = 0.25
height = 3.158081

[node name="WorldEnvironment" type="WorldEnvironment" parent="."]
environment = SubResource("Environment_blw3f")
